4
2.4999998640269085	3.2499999320134543
2.982315147873822	3.4911575739369107
3.342024670232787	3.6710123351163935
3.6011017510101295	3.8005508755050648
3.7732475459929367	3.8866237729964683
3.8776943570724804	3.93884717853624
3.9363671307756487	3.9681835653878244
3.967605906920165	3.9838029534600823
3.9837060615988413	3.9918530307994207
3.9918567709129498	3.995928385456475
3.995943215776049	3.9979716078880245
3.997982026566709	3.9989910132833546
3.9989972600002757	3.999498630000138
3.999501974950908	3.999750987475454
3.9997525065439254	3.999876253271963
3.999876991019433	3.9999384955097166
3.9999391536766633	3.999969576838332
3.9999696909875726	3.9999848454937865
3.9999846385698548	3.999992319284927
3.9999921626321395	3.9999960813160698
