1.0
0.9433039802640941
0.8881459766296689
0.8345609950886902
0.7825824760021626
0.7322494361911396
0.6836025930874868
0.6366888560969995
0.5915540936832253
0.5486982174531674
0.5076103506374557
0.4683501996581347
0.4312702954493382
0.3960428086281942
0.3628170052932359
0.3336335441040014
0.30866371268363946
0.28470329016235046
0.26172507851687343
0.24046723860287372
0.22162751460470276
0.20370472334920128
0.18729346443307796
0.1705394638846379
0.1545235148743177
0.13931206509173527
0.12699636671851838
0.11364381930841505
0.1097219593800322
0.10357171687443395
0.09758888521355734
0.09243925318951884
0.08676121109022682
0.0812565583088352
0.07592538397287095
0.07089433541974195
0.06602694401990275
0.0613242230183417
0.05678720892097028
0.05241660747924812
0.04821418102391031
0.04418218927076244
0.040402554956666135
0.03666640887747434
0.03311004086501901
0.029736854836740694
0.02675727171500159
0.023420627797652343
0.0206552429766918
0.01866795964365457
0.016219727345016904
0.013983882292975666
0.011936725510251121
0.010063088757932302
0.008356635256176062
0.006814528207519017
0.005434988017485157
0.0041629307830121035
0.0030544029692134485
0.0021787058312669355
0.0014579955926139966
0.0008526409156329754
0.00045415683885909817
0.0002053581210367706
0.0002053581210367706
0.0002053581210367706
0.0002053581210367706
0.0002053581210367706
0.0002053581210367706
0.0002053581210367706
0.0002053581210367706
0.0002053581210367706
0.0002053581210367706
0.0002053581210367706
0.0002053581210367706
0.0002053581210367706
0.0002053581210367706
0.0002053581210367706
0.0002053581210367706
0.0002053581210367706
0.0002053581210367706
0.0002053581210367706
0.0002053581210367706
0.0002053581210367706
0.0002053581210367706
0.0002053581210367706
0.0002053581210367706
0.0002053581210367706
0.0002053581210367706
0.0002053581210367706
0.0002053581210367706
0.0002053581210367706
0.0002053581210367706
0.0002053581210367706
0.0002053581210367706
0.0002053581210367706
0.0002053581210367706
0.0002053581210367706
0.0002053581210367706
0.0002053581210367706
