1.0
0.9388676473269095
0.8839417967732102
0.8353858724364276
0.7939273396677818
0.7604036631620392
0.734272136941612
0.7197409055907902
0.7116988399457302
0.7063880614705219
0.701919113180981
0.6976992303717431
0.6935801388476204
0.6895218085411784
0.6855062515978503
0.6815228548896961
0.6775626254522801
0.6736182015485298
0.6696834438977382
0.6657529029614103
0.6618228886892998
0.6578898526056958
0.6539520042434107
0.6500088514329475
0.6460618242017725
0.6421152728490492
0.6381767795959553
0.6345741875381405
0.6308252409389512
0.6282964711873186
0.6242634660352793
0.6200559412095247
0.615624458315685
0.6098217980611605
0.6052472045096446
0.6010043172024967
0.5967403984695638
0.5924245313003973
0.5880324245575635
0.583547225407007
0.5789600174912658
0.5742667233003262
0.569465054304715
0.564551797496179
0.5595238483431815
0.5543763012324562
0.5491048950009069
0.5439688111981112
0.5394854159696026
0.5347946622537753
0.5299034816498623
0.5248138334489824
0.5195214276828802
0.5140195094209499
0.5083055433308443
0.5023815148549082
0.49682820537793165
0.49060268942121643
0.4840147675337636
0.47718051978985276
0.47005136740365633
0.46259435960529577
0.4547810383506584
0.4465808659295603
0.43795943306561536
0.4288792010698036
0.4192962859102629
0.40916216167330066
0.3992386129306938
0.387729654623702
0.3753612500709869
0.36223960377098585
0.3485611911878613
0.3332963537154437
0.31707333962411094
0.2990107079040367
0.2898395875328236
0.28272669484053486
0.2732521669429241
0.26536578600551386
0.25625849209560464
0.24683484016080462
0.23697287345868415
0.22659589291293128
0.21586861018942727
0.2042453608823654
0.1921284710706015
0.17927694519477963
0.1655444693936453
0.15245235478801306
0.1390915254510789
0.12700405609506502
0.11603282490618591
0.10945437737450862
0.1080031170137737
0.10556265715384132
0.10345348259258301
0.10131365900245447
0.09915606780709084
0.09696910661720956
0.09475651856385955
0.09251728158976404
0.0902507677440919
0.08795845239768087
0.08564414658322456
0.0833162982139758
0.08098646835365449
0.07868460439583723
0.07641305869253315
0.07406980529851859
0.07177491980038311
0.06950454249876355
0.06674297731746871
0.06428659480078168
0.0618377759174238
0.05935132004022103
0.05683056868023169
0.05449336926507885
0.051815260064312335
0.04917531588634145
0.04657359600559757
0.0440404991933285
0.04152665416351695
0.03898656215616333
0.03648749562573897
0.03325094746903389
0.032552064914050105
0.031352397428588925
0.028356871598410403
0.025785788138869083
0.023155256517746373
0.020565885946309467
0.018007966474185903
0.013310035629326077
0.023278499761863282
0.018528281553929136
0.010683617845577718
0.007564405637701033
0.005039840566162086
0.003017324390526674
0.002720904925293424
0.0025820365623914175
0.0024490289229316415
0.002357025161081183
0.0021990341990712485
0.002137039029503492
0.0021071992493969165
0.002058717843926973
0.002007133761587922
0.0020126359223880813
0.001949765879146167
0.0019665034567179795
0.001936410187667018
0.001942693536277703
0.001950036314618438
0.0018819094040649672
0.0019210806202896902
0.001907572376227614
0.0019104890151000157
0.0019156701764442528
0.001903661631529412
0.0019055240457199355
0.001904882539997377
0.0019196429493028128
0.0019032546598727808
0.001908967287539167
0.0019075934030037044
0.0019087495124162
0.00190915567360296
0.0019098607699908623
0.0019103989879051234
0.0019108269413572042
0.0018966701231517649
0.0019174582407490027
0.0019108579464053215
0.001913313600543104
0.0019100437783399892
0.0019120126616743716
0.00190921120309731
0.0019193609222093418
0.0018996472689304894
0.0019112302294249733
0.0019060758554630044
0.0019070072853853014
0.0019050190839934094
0.0019002530829123363
0.0018862707306306055
0.0018725165610824419
0.0019412225980555366
0.001884116576233832
0.0019023496635527989
0.0018780441648654112
0.0018810477102070935
0.0019274620150335365
0.0018678285190793498
0.0018984894835640197
0.0019070189489511671
0.0018868053644673084
0.001892928598470403
0.001888884757094709
0.0018887258359483814
0.0018870335572731523
0.001885896053824234
0.0018845104374278798
0.0018831983252677632
0.0018818086599781756
0.001880423107970702
0.0018790150731001372
0.001877584762546956
0.001876151461262858
0.0018746829812885234
0.0018732275877504814
0.0018717317587480756
0.0018702508474639048
0.0018687527810579627
0.0018672317850022405
0.001865737761165257
0.001864211500918761
0.0018626878974223559
0.0018611503616210133
0.0018596375137298333
0.0018581026134255867
0.0018565509467525355
0.0018550379036051299
0.0018534838291030791
0.001851962327943689
0.0018504234734940843
0.0018488749166995938
0.0018473568124463987
0.0018640870052965832
0.0018396520493410124
0.0018465179786887117
0.0018419350303826817
0.0018415595189176421
0.0018396742897292904
0.001838340920044054
0.001836783876665964
0.0018353576906420773
0.0018338679269196793
0.0018324288942589027
0.0018309453575061545
0.0018295130771880375
0.0018280524589473972
0.0018266356803672364
0.001825175240133177
0.0018237559278482783
0.0018223322386938545
0.0018209004727940277
0.0018195010905731786
0.0018180825303801352
0.0018166760723453185
0.001815271939019957
0.0018138816683150167
0.0018124875265875745
0.0018111069706429619
0.0018097333051026864
0.0018083500641794942
0.0018069718373109405
0.0018056178498332947
0.0018042492274119237
0.0018028922269188719
0.0018015468672564902
0.0018001943838764482
0.0017988527367921096
0.0017975245296039217
0.0017961779762637254
0.001794854115077042
0.0017935355355964617
0.0017922113852595321
0.0017909018418599063
0.001789589602619737
0.001788273812868911
0.0017869925269351891
0.0017856771368436523
0.0017843937842917973
0.0017831026620622182
0.0017818144261707355
0.0017805431482862764
0.0017792665422731145
0.0017780023369734221
0.0017767217393038247
0.0017754701004779826
0.0017742105144936291
0.001772954423752795
0.0017717147763470892
0.0017704506116253092
0.0017692235215367752
0.0017679876336901897
0.0017667467885482003
0.0017655244378290693
0.0017642891596887035
0.0017630815009644875
0.0017618609703541266
0.0017606378801149417
0.0017594488552278437
0.0017582107028130322
0.0017570356519911916
0.0017558425886030594
0.0017582720153563667
0.0017572119616629
0.001757256340054253
0.0017569410426789003
0.0017567401779136024
0.001756503364675228
0.0017562778995265584
0.0017560270543144126
0.00175579741699049
0.0017555438772303498
0.00175531077715475
0.001755057737006312
0.0017548102055529417
0.00175455789949724
0.0017543099563726815
0.0017540590103913916
0.0017537916424316892
0.0017535524790637145
0.0017532893218271074
0.001753023926687814
0.001752772033201058
0.0017525076856653584
0.0017522444789506465
0.0017519966711747649
0.0017517239310032705
0.0017514612407008945
0.0017511876177721327
0.0017509340801453565
0.0017506681119784334
0.001750403486110926
0.001750140246010643
0.0017498679343450427
0.0017496024683280596
0.0017493289519270464
0.0017490708406940956
0.0017488033734995945
0.001748529577604522
0.0017482712062786036
0.0017480003602927477
0.001747719455726295
0.0017474677339311098
0.0017472046257739724
0.0017469214152560312
0.0017466607345214915
0.0017463869817921044
0.0017461200296623536
0.0017458649765458192
0.0017455801076882867
0.0017453197446113714
0.001745055129745494
0.0017447876802161458
0.0017445119926247604
0.0017442545108764466
0.0017439908937945177
0.0017437119245490714
0.0017434445292793233
0.001743196496904818
0.0017429216001368486
0.0017426497889460309
0.0017423911234222046
0.0017421235633240642
0.0017418597202900129
0.0017415980581774308
0.001741321347315517
0.0017410645456481671
0.0017408045274185393
0.0017405435497566996
0.0017402717395645214
0.0017400081447731621
0.0017397639180273875
0.001739482329427966
0.0017392207272369034
0.0017389686116415961
0.0017387028750680065
0.0017384444867929916
0.0017381844931202118
0.0017379234041576947
0.001737653834435624
0.0017374044412119983
0.0017371419944517872
0.001736888215718855
0.001736625600663952
0.00173636672499566
0.0017361116934460552
0.0017358504878196243
0.0017355960890585635
0.0017353276512596413
0.0017350834761358986
0.0017348232395356222
0.0017345691217103088
0.0017343161256323854
0.0017340641519962314
0.0017337969853778777
0.0017335497503170516
0.0017332917405989653
0.00173304594060457
0.0017327894655328334
0.001732527173035364
0.001732289510768869
0.001732031584860715
0.0017317738955590556
0.0017315191524939415
0.0017312803418354937
0.0017310236189467584
0.001730776326697536
0.0017305227855192791
0.001730266222002781
0.0017300369080001548
0.0017297597707810202
0.0017295359232329147
0.0017292727530866486
0.0017290375136078482
0.001728771873982222
0.0017285443184261945
0.0017282835753939863
0.0017280417908443692
0.0017277985026610569
0.0017275500000888708
0.0017273092438078541
0.0017270520405157693
0.001726813160037745
0.0017265716917247952
0.0017263260648607021
0.001726080536720937
0.0017258374011437615
0.0017256014126793902
0.0017253447340166797
0.0017251060382211167
0.0017248664940479998
0.0017246292003474427
0.0017243871079892046
0.0017241344745247296
0.0017239104978853368
0.0017236595210345853
0.0017234301449753357
0.0017231784345430542
0.0017229367110698209
0.0017227110027593453
0.0017224575838546835
0.0017222339190472553
0.0017219784116571733
0.0017217631347409426
0.00172150254233288
0.0017212827105808838
0.0017210378585744855
0.001720806391486227
0.0017205588159747741
0.0017203380757163907
0.0017200986786977664
0.0017198627391984476
0.001719623078330936
0.0017193911892070268
0.001719162246243426
0.0017189224562596242
0.0017186962822321524
0.0017184561288167482
0.0017182226134566667
0.0017179979007885492
0.001717757304922569
0.0017175293084915545
0.0017172952051526483
0.0017170724099063643
0.001716839073426483
0.0017166033409748592
0.0017163820184506622
0.0017161379220959046
0.0017159255816287266
0.0017156777838630438
0.0017154629049801386
0.0017152269686299727
0.001715004781897733
0.0017147707390511063
0.0017145426559524641
0.0017143208765731572
0.0017140914637015052
0.001713863522417314
0.0017136347506059584
0.0017134161976808252
0.0017131892601404547
0.0017129626417813518
0.001712729410957204
0.001712515103236532
0.0017122891042643182
0.0017120572659054874
0.0017118413567287101
0.0017116166966313943
0.0017113852841672294
0.001711174982725457
0.001710938968459418
0.0017107316773955807
0.0017104958896902206
0.0017102732865096374
0.001710059316943363
0.0017098383866814817
0.0017096091379904216
0.001709406703799493
0.0017091652707790022
0.0017089606046070504
0.0017087297154745114
0.0017085174539081787
0.0017082944596451216
0.0017080778820771467
