1.0
0.9061409256732957
0.8172264279291347
0.7315722796183516
0.6474574232739667
0.5655558582945978
0.4842533844699744
0.4041172278690688
0.3258417295130818
0.2503140148631283
0.17947490794255785
0.11664834471339791
0.06591695725143205
0.03174224879096854
0.013948963707454694
0.006779366695647372
0.003957815395860187
0.00246163703653363
0.0015564056773979364
0.0010450519085888575
0.0007666725415989093
0.0005734865489269688
0.0004345403345944713
0.0003274946127806129
0.00025110125066132275
0.00019402486668859087
0.00015074471583149336
0.00011773170672918407
9.245776181616363e-05
7.304236957006804e-05
5.808048300037774e-05
4.651660229303584e-05
3.754872885964028e-05
3.0561604480399323e-05
2.5098813206224005e-05
2.0806161856236747e-05
1.7418748795870434e-05
1.473258626616457e-05
1.2589596050667476e-05
1.0872308797778503e-05
9.48920235795054e-06
8.37064033468615e-06
7.458605494401779e-06
6.711838763174976e-06
6.099868454615871e-06
5.591836382777031e-06
5.172556442694442e-06
4.8220962183609745e-06
4.5301421039201564e-06
4.283833532975692e-06
4.075321266324976e-06
3.901247482109755e-06
3.752298217869895e-06
3.6259153436252087e-06
3.5183276354863615e-06
3.4264542834936855e-06
3.348559502501541e-06
3.281837620088447e-06
3.2240535735153457e-06
3.1746805647819695e-06
3.131970153341152e-06
3.0957984543293855e-06
3.0651235755670184e-06
3.0389463801423595e-06
3.0157617191277785e-06
2.997000640429704e-06
2.9805552605363495e-06
2.965548911062349e-06
2.9559187810030673e-06
2.943921474786669e-06
2.9362222203427363e-06
2.9290659753877285e-06
2.9243592310123484e-06
2.9194856363782944e-06
2.915516270830005e-06
2.9133214232990437e-06
2.9116294680820093e-06
2.910014638573984e-06
2.909810086031866e-06
2.9095660600495863e-06
2.9093726708267277e-06
2.910554271441665e-06
2.911184328149824e-06
2.9130886914170158e-06
2.9145793201848742e-06
2.9160269456815307e-06
2.9186756287858274e-06
2.9203471561006218e-06
2.9235211553477043e-06
2.9259599543501154e-06
2.929470651284793e-06
2.9320330811440114e-06
2.9357002466083013e-06
2.938125764555551e-06
2.940654866696736e-06
2.944580548218641e-06
2.949147389862204e-06
2.9514138559783825e-06
2.9550852292786764e-06
2.9588414096577843e-06
