1.0
0.9989550586291595
0.997910800918297
0.996867075455864
0.9958238843030381
0.9947814673505041
0.9937395246504184
0.9926982510906969
0.991657565130114
0.9906174418321674
0.9895779290655377
0.9885389518667975
0.9875006121395865
0.986462865092592
0.985425578231481
0.9843889157615022
0.983352822963701
0.982317253473029
0.9812822110891881
0.9802477587326217
0.9792138304896024
0.9781803676322446
0.9771474739932317
0.9761151151435008
0.9750832719775883
0.9740518864501948
0.9730211315204113
0.9719908424960618
0.9709610441592318
0.9699316954973272
0.9689028828040195
0.9678745214523263
0.9668467137888648
0.965819284149986
0.9647924232598878
0.9637659983710091
0.9627399863259418
0.9617144545601672
0.9606894926069212
0.9596648938183833
0.9586407456340612
0.9576171017135078
0.9565938392147947
0.9555709766918944
0.9545486629193222
0.9535266956022884
0.9525051849614086
0.9514840633672658
0.9504633233788476
0.9494430485312906
0.948423145586594
0.9474036509023459
0.9463845650170875
0.9453659568427902
0.9443476522712849
0.9433296991049821
0.9423121981914597
0.9412950764581522
0.9402783352706645
0.9392618489036382
0.9382458497836119
0.9372302129074409
0.9362148978372076
0.9351999349438865
0.9341853942598004
0.9331721406957215
0.9321630277691669
0.9311598516777808
0.9301624677026515
0.9291708015623676
0.9281846760702341
0.9272039360389293
0.9262284875372722
0.9252581424042939
0.924292831760995
0.9233324542920781
0.9223768065137025
0.9214258447283076
0.9204794723868934
0.9195374804811132
0.9185997605199167
0.9176663483541355
0.9167370031749
0.915811790168515
0.9148903334329195
0.9139728299394322
0.9130164953685088
0.9120091248447556
0.9110019622279599
0.9099951276188227
0.9089885442275973
0.9079821652663677
0.9069760210922136
0.9059702276553906
0.9049645303776669
0.9039591655849462
0.9029539947706541
0.901949157068713
0.9009443034470056
0.8999398981067482
0.898935532260733
0.8979312742076504
0.8969276204621497
0.8959238430857074
0.8949204400177458
0.8939172106546786
0.8929140180574723
0.8919111414184439
0.8909084152304403
0.889905898833962
0.8889034229422103
0.8879012322748199
0.8868990723736982
0.8858972061014522
0.884895412788835
0.8838937685111488
0.8828923583533215
0.8818910269040751
0.8808897412039507
0.8798886107437929
0.8788875721359303
0.8778868157211474
0.8768860422209235
0.8758854406454512
0.8748848761648643
0.8738844782801541
0.8728841702422592
0.8718838693680715
0.8708836300044921
0.8698835646496572
0.868883440000017
0.8678834438991011
0.8668834816089126
0.8658836173057978
0.8648837161334917
0.8638839377008116
0.8628841032656858
0.8618843669425335
0.8608847139532512
0.8598850051609032
0.8588853215829874
0.8578855732112627
0.8568859487525694
0.8558862192004806
0.8548865314051354
0.853886780889155
0.85288688984657
0.8518872053756308
0.8508873688402936
0.8498875609588895
0.8488875495197332
0.8478876183758132
0.8468874717063558
0.8458875097848441
0.844887105385048
0.843886846362456
0.8428863115747185
0.841885780685778
0.8408851024612913
0.8398843313354442
0.8388833840203969
0.8378822161601213
0.8368810880132307
0.8358798435212748
0.8348783651884542
0.833876581419154
0.8328747649945962
0.83187271545365
0.8308704143648176
0.829868058761032
0.8288654018490814
0.8278625222540424
0.8268593553167898
0.8258559896985425
0.8248523707704514
0.823848369180394
0.8228443312235705
0.821839877535759
0.8208351329811405
0.8198300971562887
0.818824761600238
0.8178190846012942
0.8168131471839422
0.8158067743653261
0.8148001047940103
0.8137931141802033
0.8127857065471229
0.8117779904346122
0.8107697300391553
0.8097612626855993
0.8087522808631357
0.8077428301032139
0.8067328554909696
0.8057225099256099
0.8047117633198735
0.8037005530944475
0.8026887622968077
0.8016765702987254
0.8006637401257855
0.7996504710499801
0.7986366074500989
0.7976222934538119
0.7966072755329814
0.7955917781217355
0.7945756332260517
0.7935589878231276
0.7925414777796725
0.7915235208255802
0.7905047950772787
0.7894854796045908
0.7884655561027752
0.7874448276583529
0.7864233661480757
0.7854011915886485
0.7843782657071221
0.7833547974042541
0.7823302722963155
0.7813051200150088
0.780279004574694
0.7792523596278298
0.7782247477153169
0.7771962091942973
0.7761666920620968
0.775136412936955
0.7741053051233986
0.7730730612267374
0.7720400444730511
0.7710060344660445
0.7699709863493983
0.7689350205730322
0.7678979453151802
0.766859837677139
0.7658206431969132
0.7647804291019279
0.7637390702319988
0.762696658814646
0.7616530406245349
0.7606081779081666
0.7595621899239547
0.7585150431829067
0.7574665790459829
0.7564168949057664
0.7553660123991296
0.7543137988779058
0.753260213750418
0.7522053295261297
0.7511490137601138
0.7500913081139446
0.749032247369032
0.747971759055396
0.746909686757013
0.7458461279381597
0.7447810896022607
0.7437144967242882
0.7426463899353071
0.7415765896352524
0.7405051284827164
0.7394321009581697
0.7383573677773762
0.7372809492986807
0.7362025483039238
0.7351225937938942
0.7340407093387268
0.7329571154886196
0.7318716716964647
0.7307842334625728
0.7296948770328257
0.7286036470221605
0.7275103103382385
0.7264150454347152
0.7253176271654924
0.7242179897585642
0.723116439167148
0.7220126897086637
0.7209069149886663
0.719798633250675
0.7186882049905386
0.7175753805426686
0.7164804295516648
0.7154648525253802
0.7144487346124075
0.7134322866553908
0.712415463715578
0.711398182828598
0.7103806176994786
0.7093626181670999
0.708344316545158
0.707325469457592
0.7063064090243071
0.7052867000796665
0.7042666236529291
0.7032461936746094
0.7022253076722862
0.7012039720160718
0.7001822620590036
0.6991601223258708
0.6981374356764714
0.6971145942630445
0.6960909942849886
0.6950670619331795
