1.0
0.47263443332325905
0.21119368327142224
0.08532249087226769
0.030819812024844045
0.010075005560963626
0.0030553756986263013
0.0008820150981242919
0.0002472667921645713
6.820543262363225e-05
1.866571422706566e-05
5.092453358997836e-06
1.3910910937733621e-06
3.8234709894798603e-07
1.0619331289684289e-07
3.029165106451959e-08
9.045225622868892e-09
2.915760138529227e-09
1.0478602990661547e-09
4.553364963023828e-10
2.4322890462758124e-10
1.541960902327866e-10
1.2510828939456206e-10
9.971356554668848e-11
9.60954461110882e-11
9.442743026903595e-11
8.772517807694934e-11
9.476196125884126e-11
9.101474505635864e-11
8.820896356412702e-11
8.924140133172729e-11
8.177128707696978e-11
8.342676774636816e-11
8.721361531945675e-11
8.620512655023277e-11
8.538598188384419e-11
9.002828252086271e-11
8.366840907819579e-11
9.505761856367053e-11
8.765189129733884e-11
8.278257551230315e-11
8.754027645961034e-11
9.246221561886453e-11
8.494692259341838e-11
8.957724754499731e-11
8.68862714058241e-11
8.977732695119216e-11
8.699061797017685e-11
8.309988279091302e-11
8.895282362334198e-11
