1.0
0.9184023713651034
0.840277598801971
0.7656248542408577
0.6944443862204214
0.6267358677226803
0.5624996571818635
0.501735774394182
0.4444443055904938
0.39062481463072635
0.3402776291662282
0.29340261589260075
0.250000063706526
0.2100693036906146
0.1736109980977553
0.14062501548785528
0.1111110100085266
0.08506944481706162
0.06249995346912818
0.04340275345949832
0.027777798201217733
0.015624958271801529
0.006944442007756077
0.0017361064823090487
2.927576634784352e-14
0.0017361141090032723
3.4319315155254e-14
0.0017360997461706995
5.326120505631468e-16
0.0017361013193000784
2.6052330874868138e-14
0.001736109359957027
5.165746087376179e-15
0.001736110519137677
2.3624330331753675e-14
0.00173610521095158
1.4560696573151685e-14
0.0017360973157255174
6.0095698976107694e-15
0.0005948895115939631
0.0002644025829196099
0.0005948852492855109
0.0002643896934847166
0.0005948822843260885
0.0002643984289782069
0.0005948829227706622
0.00026439239697285353
0.0005948789028013357
0.00026439203437291403
0.0005948782440265643
