1.0
0.0006673515867089171
0.0017236465001199744
0.0031604115953764804
0.004903282693510124
0.006891075807396517
0.009073290586506067
0.011408153039438386
0.013861029754666077
0.01640316412163438
0.019010650938937113
0.02166360293177404
0.024345464323239672
0.027042477925042656
0.029743185746108382
0.032438105419800085
0.037393848134138076
0.0424789100853409
0.04766561441343427
0.052929828330574615
0.05825054810752523
0.06360947870592654
0.0689907124311933
0.07438039594139548
0.07976648311753694
0.08513854729726131
0.09048751320229885
0.09580556339879469
0.1010859358440445
0.10632282226693236
0.1113247990941299
0.1162802577694247
0.1211858185944234
0.12603864261504522
0.13083627292587247
0.13557667620312278
0.14025815652697943
0.14487932718467428
0.14943904600554747
0.15393647447027026
0.15837092204220712
0.1627419332529382
0.16704920265769851
0.17129258736960212
0.17547206283826142
0.1795877389072336
0.18363981034516655
0.18762858559390977
0.19155442723997249
0.19541778932298967
0.1992191859855082
0.2029591790759943
0.2066383599638793
0.21025739359588985
0.2138169612412309
0.21731777006155692
0.22076055762396277
0.22414608001501965
0.22747511037295798
0.23074844770859307
0.23396687585389678
0.2371311993723523
0.24024223925244304
0.2433008039100728
0.24630770549707717
0.24926376909450065
0.25216979944911516
0.25502661234580937
0.25783501358150035
0.2605958054055794
0.2633097837431157
0.2659777329208003
0.2686004432615187
0.2711786787896275
0.2737132039089366
0.27620478464466564
0.2786541554677862
0.2810620557126216
0.2834292067768977
0.28575633915401005
0.2880441434632951
0.2902933213669093
0.2925045433317599
0.29467850303005416
0.29681584729904925
0.2989172378725138
0.3009833118376038
0.303014688088597
0.30501200386051475
0.3069758502330745
0.3089068350348013
0.31080554972204766
0.31267255889734025
0.3145084380410048
0.31631373808605495
0.3180890075222807
0.31983478114060904
0.32155158552785384
0.3232399367658921
0.32490034240964427
0.32653329954128263
0.3281392961479874
0.3297188143840743
0.3312723184176425
0.33280027305270155
0.33430312822544184
0.3357813322646084
0.33723531441868376
0.3386655085531712
0.34007233272101267
0.34145619541178296
0.3428174966968873
0.3441566525576919
0.3454740162881856
0.3467699978542781
0.34804495800791035
0.3492992696179832
0.35053328998162203
0.351747370455975
0.35294185660845057
0.35411709351766824
0.35527340645190086
0.35641112988239465
0.3575305788389261
0.3586320760040932
0.3597159184349422
0.3607824153325637
0.36183186725045946
0.36286456159416247
0.3638807880145182
0.36488082433229635
0.36586494435015593
0.36683342395625673
0.3677865217739749
0.3687245086913556
0.3696476316468896
0.3705561465963235
0.37145029351693476
0.3723303199472172
0.3731964630114687
0.3740489585123712
0.3748880227690249
0.3757138928742747
0.3765267911610035
0.372481218147831
0.3685385297816159
0.3646954235021325
0.3609487226416737
0.35729537761502517
0.3537324598445164
0.3502571547611299
0.3468667473410262
0.343558641383591
0.3403303242032627
0.33717938455123325
0.3341035014617649
0.33110043749621393
0.328168040362691
0.3253042294068491
0.3268254850491656
0.3283248948126822
0.32980273874303184
0.3312593273873347
0.3326949453995682
0.33410988502427413
0.3355044258837848
0.3368788538887896
0.33823344177516557
0.3395684746588368
0.3408842136597085
0.342180933925765
0.3434589046147212
0.34471837876135936
0.3459095583267848
0.34708466178233555
0.3482438938468501
0.34938743890013835
0.3505154899041253
0.3516282369322711
0.35272586559535657
0.3538085631565013
0.35487651299082534
0.35592990165307303
0.35696890504291817
0.3579937102887984
0.3590044867273489
0.36000141345240244
0.36098466832573267
0.36195441758520436
0.36291083776617533
0.36385409868000823
0.36478436278023346
0.36570179809136893
0.3666065752312193
0.36749885115107217
0.3683787875289326
0.36924654052585615
0.3701022744484692
0.3709461406940842
0.37177829626698955
0.3725988939372216
0.3734080792441174
0.3742060097060918
0.37499282948657536
0.3757686779192455
0.3765337142009702
0.3772880649880497
0.3780318795393544
0.37876530270846337
0.37948846416988236
0.3802015018761713
0.3809045545221297
0.3815977501371715
0.3822812238288962
0.38295510269340816
0.3836195174241057
0.38427459786750595
0.38492046490000786
0.385557240590437
0.38618505618260063
0.3868040243500174
0.38741427234134734
0.3880159094684846
0.3886090592928277
0.3891938350568637
0.38977034948637307
0.3903387170743138
0.3908990461224179
0.39145144859155284
0.39199603109441156
0.3925329028536957
0.3930621675799674
0.39358392880138277
0.3940982910509503
0.3946053566268859
0.3951052257070265
0.3955979981950825
0.39608376339065166
0.39656262704516965
0.3970346832332339
0.397500029347563
0.39795874700848644
0.39841093575756875
0.3988566864962506
0.3992960877328036
0.39972922420197704
0.40015618794006663
0.4005770632712578
0.4009919310628026
0.40140087954121223
0.4018039889015519
0.4022013412171705
0.40259301896018146
0.4029790971338298
0.40335965727648426
0.40373477445250344
0.404104525272248
0.4044689867040377
0.4048282309088233
0.40518233087880023
0.40553136321001093
0.4058753925298427
0.40621449379662256
0.4065487326260499
0.4068781807518131
0.40720290384450025
0.40752297029502194
0.4078384414304829
0.40814938842323845
0.4084558691889841
0.4087579488106668
0.4090556918225269
0.409349156283632
0.40963840296682075
0.4099234950738337
0.41020448781667973
0.41048143878828103
0.4107544075217959
0.4110234497684555
0.4112886209373971
0.4115499763277857
0.41180756870012497
0.4120614538837162
0.4123116822156556
0.41255830764922813
0.4128013792488793
0.4130409500527168
0.408473331684814
0.40401242798128206
0.39965519836860997
0.39539870974829106
0.3912401289561399
0.38717671951266197
0.3832058314494238
0.37932491152811193
0.3755314850793824
0.3718231601022661
0.3681976280400696
0.36465265030767924
0.36118606512831763
0.3577957564065546
0.35881693351168226
0.35982411449904
0.36081747726811336
0.36179719690435636
0.36276344768960256
0.36371639786351273
0.36465622277839377
0.36558308309642734
0.36649714735000805
0.36739858298147937
0.36828755276390207
0.36916421139373196
0.3700287238680922
0.37088124583767407
0.37172193405650616
0.37251518881905943
0.37329818514514235
0.37407103899371474
0.37483385726304547
0.375586758453279
0.3763298447684321
0.3770632392761248
0.3777870466112563
0.3785013740776254
0.3792063295517199
0.37990202716981814
0.38058856413622744
0.3812660563907428
0.38193459925170253
0.38259430573617037
0.3832452751070598
0.3838876115541106
0.3845214185037597
0.3851467947281353
0.38576384010938286
0.38637265357628436
0.3869733391936649
0.3875659929104778
0.3881507050518182
0.3887275785754389
0.389296705262876
0.3898581817555824
0.39041210023467443
0.3909585528424009
0.3914976310234298
0.39202942914393646
0.39255403158031943
0.39307153283622537
0.3935820186537669
0.3940855755195297
0.3945822927439455
0.3950722532384592
0.39555554460034487
0.3960322457666404
0.39650244449222155
0.3969662234600255
0.39742365963703685
0.3978748375507637
0.39831983628886974
0.3987587311109709
0.3991916059303305
0.39961853404696945
0.400039592062824
0.4004548571255693
0.40086440345087143
0.4012683027667035
0.40166663140063164
0.40205945957100586
0.4024468595820528
0.4028289004949924
0.4032056557548134
0.40357719033032774
0.40394357588771623
0.40430487629552897
0.4046611622762806
0.405012496964411
0.4053589483551898
0.40570057826412204
0.40603745077323067
0.40636963018066
0.40669717631252766
0.4070201554458219
0.4073386229240425
0.4076526428656366
0.4079622718603067
0.4082675692662625
0.4085685956249268
0.40886540288282525
0.4091580524312594
0.4094465980000022
0.40973109391937845
0.4100115978828891
0.4102881605506186
0.41056083635295665
0.4108296773356972
0.4110947354744327
0.4113560634683264
0.41161370858301344
0.4118677247353055
0.4121181584746504
0.41236506171369824
0.412608477117608
0.41284845713426055
0.41308504688143577
0.4133182909144183
0.41354824030875537
0.4137749343125528
0.4139984200331577
0.4142187419955786
0.41443594142835327
0.41465006370830726
0.4148611509109856
0.4150692435658178
0.41527438216170515
0.41547661003266073
0.4156759672733174
0.415872490278615
0.4160662214047313
0.4162571974207951
0.41644545813385325
0.41663103894231307
0.41681397919037627
0.41699431497621997
0.41717208085416235
0.4173473150935241
0.4175200511919155
0.4176903247384151
0.41785816939076476
0.41802361923038395
0.41338361168907395
0.40885095270641103
0.4044226334079843
0.4000957468395323
0.3958674697750498
0.39173509289801933
0.38769598315472464
0.38374759580001067
0.3798874748446662
0.3761132310688083
0.37242256706345866
0.36881324892944206
0.36528312559178766
0.36183008615497486
0.3627908906759378
0.3637386122705391
0.3646734130201701
0.36559544849048153
0.36650488643073587
0.36740188353751074
0.3682865956036649
0.3691591791817843
0.3700197843566923
0.3708685662457576
0.3717056762629592
0.3725312589730534
0.37334546690832493
0.37414844578673473
0.37494033588187925
0.3756872021020476
0.37642446119596396
0.3771522200483323
0.37787058496995996
0.3785796537292798
0.37927954109867645
0.37997033443387723
0.3806521465588734
0.3813250787181714
0.38198922012204345
0.38264468275626207
0.38329156076562526
0.38392995325354884
0.3845599588909022
0.38518167189949726
0.3857951898684318
0.38640060888544153
0.38699802573723263
0.3875875312535791
0.3881692177989545
0.3887431809848931
0.38930951012514875
0.38986829791201405
0.39041963428573945
0.39096360568635324
0.39150030565037286
0.39202981650803853
0.39255223019799
0.39306763099869635
0.39357610232440926
0.39407773198334023
0.39457260341193545
0.3950607978397864
0.39554239826835036
0.39601748698824657
0.39648614281328043
0.3969484503439659
0.3974044826773802
0.39785432209294486
0.3982980440950879
0.3987357271281274
0.39916744696293244
0.39959327816271295
0.40001329369581956
0.40042757117874916
0.4008361801349863
0.4012391941631394
0.40163668548925296
0.402028721751827
0.4024153754020904
0.40279671556233526
0.40317280851758247
0.4035437247400523
0.40390952934751423
0.4042702885491202
0.40462606913229326
0.40497693119128236
0.4053229456079903
0.4056641711953143
0.40600067243948595
0.4063325090446742
0.4066597429244857
0.406982435516032
0.40730064642445424
0.40761443558466337
0.4079238573685741
0.408228973009927
0.4085298389723852
0.40882651246912416
0.4091190454533563
0.40940749654907344
0.40969191995800835
0.40997236589051694
0.4102488923275792
0.410521548930805
0.41079038722947797
0.41105545800210597
0.41131681313472257
0.4115745032403707
0.4118285761268392
0.41207908232107743
0.4123260678731253
0.41256958069360566
0.4128096689321422
0.4130463775768265
0.413279753557843
0.41350984210986724
0.4137366865706733
0.41396033180487685
0.41418082181882315
0.4143981981372651
0.4146125069563247
0.4148237861027295
0.41503207788391916
0.41523742375194206
0.4154398651668709
0.4156394395489505
0.4158361879591769
0.4160301489178664
0.4162213602660103
0.4164098603639094
0.41659568670596875
0.41677887559901017
0.41695946407670476
0.4171374868040332
0.4173129795534608
0.4174859826890706
0.41765651775641455
0.4178246311292741
0.41799035113252464
0.418153713284237
0.4183147487027358
0.41847348874733153
0.4186299691532001
0.413981230416312
0.4094399156678989
0.4050030166001232
0.40066762740505185
0.3964309357949461
0.39229022757994636
0.38824287300745447
0.38428632895049675
0.3804181409827615
0.37663592337393714
0.3729373778546192
0.36932027153274033
0.36578244816732647
0.3623218170684917
0.36327528995834996
0.3642157843828775
0.3651434662595522
0.36605849731452195
0.36696103078210957
0.3678512279186314
0.36872924047557265
0.36959522100025927
0.37044933005872477
0.37129171206391476
0.37212251421387005
0.37294188823948804
0.3737499785061605
0.374546930499447
0.3752986371556079
0.3760406936359384
0.37677320154286126
0.37749626651079127
0.37820999431301655
0.3789144835830637
0.3796098436388259
0.3802961733551193
0.38097357223300543
0.3816421430029978
0.3823019834589237
0.382953197433114
0.3835958787012724
0.384230125750096
0.38485603865324547
0.3854737146412699
0.38608324432450913
0.38668472718979996
0.38727825276704647
0.3878639179852502
0.3884418178971139
0.3890120372473454
0.38957467383230976
0.3901298152786544
0.3906775532553995
0.39121797217393833
0.39175116426227174
0.3922772147963143
0.392796210641672
0.3933082404734473
0.3938133849178076
0.3943117288097357
0.3948033573519202
0.39528835313072946
0.3957667958726351
0.39623876995222995
0.3967043510544973
0.39716362245168424
0.39761666060271283
0.3980635451724447
0.3985043530336723
0.3989391584490507
0.3993680387845782
0.3997910682970165
0.40020832346082613
0.4006198717961512
0.40102579005740024
0.4014261494087494
0.4018210223365927
0.40221047540685023
0.40259457980152963
0.40297340437966017
0.40334701757923164
0.4037154865473411
0.4040788759049203
0.4044372525767223
0.40479068417058295
0.4051392295048355
0.40548295688241925
0.40582192664565925
0.4061562027834385
0.4064858456888596
0.406810916990983
0.4071314747580144
0.4074475797818193
0.4077592903568196
0.40806666387908014
0.4083697604478703
0.40866863328578007
0.4089633400829962
0.4092539358780141
0.40954047416751044
0.4098230109311218
0.4101015994479996
0.41037629046869745
0.4106471371410342
0.41091419130025864
0.4111775048640898
0.41143712651475434
0.4116931051117076
0.4119454914685546
0.41219433392375904
0.4124396773739107
0.4126815741329508
0.4129200658567102
0.4131552019054513
0.4133870261136156
0.41361558487791755
0.41384091992405714
0.41406307825391564
0.4142821025041708
0.4144980335120312
0.41471091530613857
0.41492078831883666
0.4151276940082387
0.4153316733273338
0.41553276759652547
0.41573101252143124
0.415926451244351
0.4161191202461199
0.4163090579958648
0.4164963021236925
0.4166808907980005
0.41686285873097667
0.4170422429559799
0.41721908086315734
0.4173934026073455
0.4175652481267893
0.4177346516785587
0.41790164173108096
0.41806625743021975
0.41822852965636614
0.41838849019722363
0.41854617184643295
0.4187016077354976
0.4140514064711339
0.40950866304746425
0.4050703708098422
0.40073361963963683
0.3964955999217745
0.3923535912206712
0.3883049687835453
0.38434718873814516
0.3804777881153682
0.37669439141165684
0.37299468904572247
0.3693764528610188
0.36583752688046556
0.36237582085925546
0.36332855069290565
0.364268316684554
0.3651952774226997
0.366109592742929
0.36701142579063956
0.36790092761278487
0.3687782544945635
0.36964356203808646
0.37049700206091024
0.37133872316436417
0.37216887215073957
0.3729876079330315
0.3737950634461302
0.37459139018039395
0.37534250034480615
0.37608396835128005
0.37681589301996565
0.37753838554820657
0.37825154374725084
0.3789554739421012
0.3796502791350433
0.3803360609038265
0.38101292094440803
0.38168095747761793
0.3823402717950711
0.3829909644516646
0.3836331340285548
0.38426687473179527
0.3848922876895238
0.3855094653058221
0.38611850827987393
0.3867195045897099
0.3873125590647307
0.38789775612835314
0.38847518938833364
0.3890449505324457
0.38960713396832153
0.3901618288465346
0.39070912620562426
0.39124910916102196
0.3917818739885307
0.3923075008722652
0.3928260789963987
0.39333769457021667
0.3938424311863749
0.3943403749691503
0.3948316058636409
0.3953162095333661
0.3957942655775809
0.39626585819141236
0.39673106385802603
0.3971899627503084
0.39764263565437014
0.39808915711645376
0.3985296087825993
0.3989640615915572
0.39939259427028206
0.3998152818511543
0.40023219682968353
0.40064341338283543
0.40104900290024714
0.4014490368438813
0.40184358762684097
0.40223272443306607
0.4026165172280585
0.4029950349261263
0.4033683444884887
0.4037365121418637
0.4040996070955201
0.40445769266369047
0.4048108350361743
0.40515909909268716
0.40550254612413095
0.4058412413425507
0.4061752445777553
0.40650461582747455
0.40682942304956193
0.4071497198264906
0.4074655676704604
0.4077770234359305
0.40808414729155346
0.408386994694156
0.40868562509919104
0.40898009103029215
0.4092704488937093
0.4095567539933094
0.4098390587227184
0.4101174187389912
0.41039188587859654
0.4106625130360871
0.4109293482749656
0.41119244568506613
0.4114518535782592
0.4117076242079102
0.41195980492390044
0.4122084428295221
0.41245358739682275
0.4126952832853587
0.41293358118678797
0.41316852405983895
0.41340015867262414
0.4136285306447615
0.4138536819841962
0.4140756581239408
0.4142945015825483
0.41451025733513114
0.4147229629587821
0.4149326650567799
0.4151394005351484
0.41534321370268595
0.41554414181835836
0.41574222427310586
0.4159375019063068
0.4161300135560355
0.4163197949843624
0.4165068861647014
0.41669132208511583
0.41687314068543047
0.4170523776635935
0.41722906852607683
0.4174032490192127
0.4175749529924894
0.4177442164112483
0.4179110704721726
0.41807555074702407
0.4182376892135289
0.4183975181980375
0.418555071482325
0.418710377920729
0.41406000005380045
0.4095170831553811
0.4050786191559441
0.4007417041436662
0.3965035207740842
0.3923613549341963
0.38831257903330063
0.3843546472492322
0.3804850986388645
0.3767015587002858
0.3730017140972872
0.3693833451425442
0.3658442843095669
0.3623824449596183
0.36333508287762045
0.364274758880033
0.36520163091057983
0.366115862176466
0.3670176090535518
0.3679070258000188
0.36878426882277154
0.3696494921497022
0.37050284822053675
0.3713444896363356
0.3721745622409301
0.37299321635088456
0.37380059754501493
0.37459684467386206
0.37534788095128574
0.3760892758122039
0.3768211315934042
0.37754355101590514
0.37825664247747337
0.3789605036778621
0.37965523796874756
0.38034095502923826
0.3810177471394448
0.3816857211042445
0.3823449690652749
0.3829955991907491
0.38363770395394875
0.38427139103112895
0.38489673372699484
0.38551385147366984
0.38612283323511043
0.3867237737812749
0.38731676745554
0.3879019046282941
0.38847928190221653
0.3890489903019369
0.3896111192903969
0.39016575967609596
0.3907130008662045
0.391252933268511
0.39178564400903665
0.3923112177855498
0.3928297453606926
0.3933413091173164
0.3938459956078216
0.3943438891897887
0.39483507358398506
0.39531962866217524
0.3957976379811997
0.39626918200476324
0.396734342904
0.39719319674785103
0.39764582368812257
0.39809230320326405
0.3985327065679688
0.39896711953418895
0.39939560882942865
0.399818254227761
0.4002351271324055
0.40064630422083286
0.4010518509648868
0.40145184610697016
0.4018463615523878
0.4022354565944294
0.4026192105029273
0.4029976907619279
0.4033709630255706
0.40373909351834836
0.4041021518999644
0.40446020367723956
0.40481330867843374
0.4051615367266874
0.40550495021186933
0.4058436104374069
0.40617758119477915
0.40650692313641196
0.4068316962273885
0.4071519593033929
0.40746777475688883
0.4077792017463378
0.4080862932452602
0.40838911089289254
0.40868771092429407
0.40898214733549504
0.40927247573180914
0.40955875333454084
0.4098410299978062
0.4101193615969917
0.41039380154335076
0.41066440116580605
0.4109312104318122
0.4111942809457496
0.41145366479508344
0.4117094069561617
0.41196156265549067
0.41221017616822
0.4124552954006314
0.4126969682419899
0.41293524216451766
0.41317016090629566
0.41340177228505265
0.4136301205831299
0.4138552501006802
0.4140772043586527
0.4142960263657071
0.4145117587278721
0.4147244440298187
0.4149341240723699
0.41514084013625707
0.4153446304359428
0.4155455462935903
0.41574360241603336
0.4159388599967567
0.4161313512171402
0.4163211149440619
0.4165081865105028
0.4166926044947876
0.41687440487190364
0.4170536237680761
0.4172302963980579
0.41740445951589106
0.41757614753781364
0.4177453919799639
0.41791223011272094
0.4180766939974089
0.41823881588637324
0.41839862933422906
