1.0
0.9485386621955978
0.9049992645061469
0.8667014175602876
0.8318136861918635
0.7991046759085071
0.7682544763666718
0.7371291619969326
0.7053710290007741
0.6722541723604631
0.635610223742922
0.5938975332953864
0.5427616962079461
0.4751911623878724
0.3780576015011857
0.30723243722945837
0.24159988210090735
0.1824241231009051
0.12305675835199485
0.050908673942805835
0.04098876022792833
0.0417445728348625
0.040078996541752496
0.03937690784401885
0.03857831694274341
0.037889460458062484
0.037246390689325976
0.03664474569543264
0.036076491393429486
0.03553702733584148
0.03502305778922016
0.034532306879746504
0.03406276168528409
0.03361298516096454
0.033181563471314734
0.03276730889459694
0.03236916317467113
0.03198605875793013
0.03161711884498889
0.0312614997749984
0.03091846121001103
0.030587172303377333
0.03026708244072101
0.029957511685495566
0.029657936821307396
0.02936774974175114
0.029086547347475324
0.028813810426274802
0.02854916487741564
0.028292132667502395
0.028042445549353697
0.027799690828526773
0.027563563297918165
0.027333753007031687
0.027109983926514276
0.02689196719492344
0.026679462758053153
0.026472236284352524
0.02627003719103483
0.0260726803967265
0.02587997468058077
0.025691676729882387
0.02550762387064402
0.025327654292609785
0.025151598126214307
0.024979259727950957
0.02475039218093648
0.02464539098777341
0.024502947080642958
0.024349182911309393
0.024193864484651755
0.02404031674979677
0.02388963975847045
0.02340674476038146
0.02328369867408916
0.023205993919485145
0.02312865804727157
0.023043805838860943
0.0229509877955922
0.022851983647096844
0.022748883497653083
0.02264349298879928
0.022537091818533993
0.022430552978595333
0.02232450986267742
0.022219355065633915
0.022115343255795197
0.022012586324992894
0.021911219971911797
0.021811207108181543
0.021712651808774883
0.02161549481309311
0.0215197155737893
0.021425322496322934
0.021332326103932396
0.021240615238760717
0.02115022889756591
0.021061101020488825
0.020941141284927623
0.020884529606258886
