1.0
0.9848442054835608
0.9698266827600762
0.9524077092169055
0.9349040863222462
0.9172958372113751
0.8995710062413796
0.8817278577182811
0.8637797921230626
0.845754826573539
0.8286235834001545
0.811274511599696
0.7939232286724369
0.7765830607049725
0.7592676178055255
0.741985154577013
0.7247326457290183
0.70750463567793
0.6950498779344079
0.6777614995691732
0.6652803724802634
0.6479814074327257
0.6356208386723682
0.6184202999156254
0.6053822391220518
0.5889013777567221
0.5778053561148532
0.5624226910425353
0.5525078898092586
0.5366051665426791
0.5195220276546004
0.508882030517977
0.4924360201347808
0.484961287517571
0.4680324786442691
0.4530028733447674
0.4376389714265709
0.42695530395070797
0.40985811573511943
0.3915324378681697
0.3828155169161302
0.3637735050011302
0.3465799093862833
0.3269719893768109
0.3185972519364969
0.29838775224513514
0.2796151959317466
0.26746641790711645
0.24816958519281906
0.22690088582321793
0.2173165567271231
0.19591256405751353
0.17673093004518567
0.15568877324054917
0.1469424472921904
0.126378458556073
0.10657330028172889
0.0873165797983059
0.07018326732484517
0.060530075258136494
0.04496590137337275
0.030488660449798668
0.019403702952707682
0.009520027965303846
0.006391158130295572
1.149601365924505
1.1380488712500363
1.1271151040829215
1.1166003610524244
1.106420124761231
1.096543602947728
1.0869614767325155
1.0776738046666503
1.0686849369743643
1.0600004821396272
1.0516266355991426
1.0435682243800415
1.035829916645555
1.0284153531202265
1.0213282051854276
1.0145717763218822
1.0081497052944866
1.0009000411381683
0.9939994828003996
0.9874472006007282
0.9796892121749314
0.9740394721933077
0.9687853922272598
0.9638389379121185
0.9590757631605257
0.9546800231442387
0.9490762413327687
0.9457360670079186
0.9425060109002177
0.9394940837599535
0.9361626824200598
0.9337321799644027
1.555023850037753
1.5516567163573105
1.5473626552044597
1.5436455695651867
1.537940660137693
1.537247506730895
1.534514115862408
1.5321397798226635
1.5300370577634872
1.5280986342218248
1.5264552575743489
1.5244902206584576
1.5228677681513934
1.5214234384714571
1.5229920270721207
1.5220159173181373
1.52499246678776
1.524253613513946
1.5235426610475054
1.5206428469239062
1.5195389778502113
1.5184618891931259
1.5172346879480725
1.516266230745222
1.5155972595400218
1.5125150240206797
1.508731555380658
1.5077242396302841
1.5064611322130126
1.5072010708388044
1.5058196447829417
1.504375151647401
1.5030130622604563
1.501877678210835
1.500521810401928
1.4996027967658616
1.4982356950816629
1.4973832678363135
1.4963130900863026
1.4969427608871153
1.4955920425670204
1.4947212808258532
1.4934507384471345
1.4928854107935758
1.4920355102286786
1.4910460803355803
1.4898637087749191
1.488902380106148
1.487704208570105
1.486743767055701
1.4855291654977336
1.4845591552998727
1.483331977768698
1.4823489188945964
1.4811157781665674
1.480118276961544
1.4788841531348762
1.477871648310405
1.4766406331880673
1.4756197873034869
1.4743842913462561
1.4733159535616867
1.4720723289910524
1.47098172370415
1.469784991835758
1.4684459346623049
1.4669678958487085
1.4659953061188724
1.4647133212940553
1.4636876604040296
1.4625252741965082
1.46144371884805
1.4603365795969652
1.459211119761204
1.4581170998682658
1.456961722531049
1.4548379880088635
1.4536640075543656
1.453505659331524
1.4521616348912234
1.45018843020321
1.449849100500443
1.448668925564063
1.447343921065429
1.4461303256569957
1.444910800792002
1.4437768262266912
1.4425547931307479
1.4403625369761395
1.4398904518062774
1.4382095006819
1.4378877269496113
1.4360449179664008
1.435368828148598
1.4337618490442225
1.432847694524575
1.4308322957792776
1.4300742003051026
1.4293273583451782
1.427513435823288
1.4265458212515973
1.4252765464795527
1.4239614343757003
1.4212485461105875
1.4217481851181706
1.419206125163026
1.420349760750931
1.4179053477978518
1.4164235016288822
1.4147594827108971
1.413630093410296
1.4123071406430066
1.4110990833364077
1.4096691056722623
1.4087414853431741
1.4077241116364587
1.4056859371412016
1.4043553104647142
1.4031197087152232
1.401938935067381
1.4009781599528066
1.3992969720117132
1.3964701775069108
1.3959974445428667
1.3939174200259086
1.3941504992179727
1.390488209574942
1.3899320580883288
1.3907455729026206
1.3881878599565214
1.6544056797172046
1.65336915368816
1.6551546258812175
1.6533102859294522
1.6535004934727544
1.6533553480845256
1.6540454602645125
1.6535295148022078
1.6548961141935006
1.6523778272812195
1.652573270958476
1.6523609656708917
1.652807458121802
1.6523917462966153
1.6534664835602928
1.6525598822012832
1.6534911323046495
1.6521911147220705
1.6526996228294188
1.651884586801868
1.651130398268135
1.6509713002621182
1.6510584377038027
1.650750091964354
1.6509711680539794
1.650423121209659
1.6507944370967527
1.649958616446753
1.6505285747583611
1.6494665697026354
1.6504433021072684
1.6493408620939034
1.6497599660541171
1.649571254390661
1.6501784624960356
1.6493887482311687
1.6493793904886973
1.648801679100297
1.6492060560343667
1.6490198771902687
1.649763326454304
1.6488466736808436
1.649656768042805
1.6486769503393053
1.6495544527923975
1.6485100375118606
1.649458486041906
1.6483456266106717
1.6483502318684466
1.6481846467966763
1.6482361063153528
1.6480436932880282
1.6480851670764198
1.6478880698338978
1.6479373047980042
1.6477341658228841
1.6477926814859891
1.6475829833283502
1.6477124810702302
1.6474529458260256
1.647577474029047
1.6473100829521914
1.647445281353798
1.6471700438985124
1.6473160235140216
1.6470318059788933
1.6472569456334416
1.6469233377061268
1.6472119063935688
1.6468266244598098
1.6471695434411935
1.646737454406763
1.6471084388009487
