1.0
0.9486109149917404
0.8985774633001808
0.8498996346016356
0.8025769298006271
0.7566100649241678
0.7119983264165657
0.6687423611924798
0.6268416164500076
0.5862961068488659
0.5471067596701144
0.5092723220553629
0.47279369597877796
0.4376702532393012
0.4039025036393557
0.3714899868294999
0.34043321181596653
0.3107319299118259
0.28238584059144733
0.2553953911139784
0.22976030571665584
0.20548095965617288
0.18255670052281978
0.16098819405293444
0.1407749448547332
0.12191729610242637
0.10441506668129998
0.08826832641971699
0.07347709644789567
0.060041276255376384
0.04796095241997274
0.03723611091045237
0.027866710239438278
0.019852771967575823
0.013194323562508164
0.007891336238189927
0.003943833547312378
0.0013517813444984168
0.00011520262745974024
0.00023409132527750645
0.00011520215401956362
0.00023409333090354368
0.00011520311983581365
0.00023409119268416297
0.000115202687870057
0.00023409209345925524
0.00011520320952139192
0.00023409208230191486
0.00011520178247476614
0.00023409290015334895
0.00011520129137854466
0.0002340931929796134
0.00011520326995426401
0.00023409401082595755
0.00011520283799752379
0.00023409250796578877
0.00011520113857219407
0.00023409280069441863
0.00011520235912177943
0.00023409245816501022
0.0001152011868119818
0.00023409211563338832
0.00011520219411492562
0.00023409420412999992
0.00011520006820334176
0.0002340941656153655
0.00011520198761633394
0.00023409108806233048
0.00011520155567422548
0.0002340940329587614
0.0001151998977706588
0.00023409219868773465
0.0001152001646902326
0.00023409492249280088
0.0001152006863623247
0.00023409731497810515
0.00011520091187585976
0.00023409509380379056
0.00011520096558256138
0.00023409389483623947
0.00011520148722920251
0.00023409504405604316
0.00011520101382937368
0.00023409470149712649
0.00011520128075579499
0.00023409435893586946
0.00011520010850964143
0.00023409379523062394
0.00011519967658966405
0.0002340958008097322
0.00011520015676653169
0.00023409427054447738
0.00011520137738025892
0.00023409550254829557
0.00011520069074213459
0.0002340963477734562
0.00011520021731657636
0.00023409481739545271
0.00011520143789807873
0.00023409870164909773
